% Generated with: trEPRexport1D
    100.000000000000      -0.000390625006       0.000000000000
    101.000000000000      -0.000492720166       0.000000000000
    102.000000000000       0.001016512862       0.000000000000
    103.000000000000      -0.001605224330      -0.000000000000
    104.000000000000      -0.002341528190      -0.000000000000
    105.000000000000      -0.001338889357      -0.000000000000
    106.000000000000       0.000048828118      -0.000000000000
    107.000000000000       0.000164794910      -0.000000000000
    108.000000000000      -0.000738525181      -0.000000000000
    109.000000000000      -0.000557084801      -0.000000000000
    110.000000000000      -0.000246914598      -0.000000000000
    111.000000000000      -0.001032048836      -0.000000000000
    112.000000000000      -0.001300603035      -0.000000000000
    113.000000000000       0.000181995885      -0.000000000000
    114.000000000000       0.000200861075       0.000000000000
    115.000000000000      -0.000037730755      -0.000000000000
    116.000000000000      -0.001570824883      -0.000000000000
    117.000000000000      -0.000028298167      -0.000000000000
    118.000000000000      -0.001328348182      -0.000000000000
    119.000000000000       0.000028298009      -0.000000000000
    120.000000000000      -0.000822864822      -0.000000000000
    121.000000000000      -0.001309483196      -0.000000000001
    122.000000000000      -0.001003196230      -0.000000000007
    123.000000000000      -0.001162442029      -0.000000000033
    124.000000000000      -0.001048140693      -0.000000000152
    125.000000000000      -0.001743942732      -0.000000000665
    126.000000000000      -0.001742830966      -0.000000002727
    127.000000000000      -0.002572354628      -0.000000010540
    128.000000000000      -0.002934682649      -0.000000038428
    129.000000000000      -0.002389803529      -0.000000132310
    130.000000000000      -0.001859352691      -0.000000430422
    131.000000000000      -0.002273838269      -0.000001323415
    132.000000000000      -0.003397994442      -0.000003846636
    133.000000000000      -0.002926912857      -0.000010570834
    134.000000000000      -0.002586228075      -0.000027468152
    135.000000000000      -0.004118206445      -0.000067497734
    136.000000000000      -0.005847723689      -0.000156869717
    137.000000000000      -0.006151235197      -0.000344854126
    138.000000000000      -0.006713311654      -0.000717202476
    139.000000000000      -0.010347672738      -0.001411337374
    140.000000000000      -0.011307590641      -0.002628366740
    141.000000000000      -0.015165017918      -0.004633435064
    142.000000000000      -0.017823390663      -0.007733800726
    143.000000000000      -0.022733390331      -0.012225988401
    144.000000000000      -0.028384117410      -0.018311555690
    145.000000000000      -0.036570034921      -0.025995057701
    146.000000000000      -0.046771798283      -0.034993269998
    147.000000000000      -0.058014463633      -0.044693736821
    148.000000000000      -0.069810897112      -0.054195339956
    149.000000000000      -0.080384947360      -0.062441098490
    150.000000000000      -0.090075679123      -0.068419936971
    151.000000000000      -0.091679811478      -0.071383610575
    152.000000000000      -0.088845543563      -0.071012567219
    153.000000000000      -0.079613156617      -0.067478183429
    154.000000000000      -0.067368946970      -0.061383923357
    155.000000000000      -0.053395226598      -0.053609273598
    156.000000000000      -0.041077226400      -0.045109981636
    157.000000000000      -0.031505789608      -0.036735041299
    158.000000000000      -0.024767499417      -0.029105382567
    159.000000000000      -0.019010791555      -0.022571303704
    160.000000000000      -0.015790328383      -0.017238488867
    161.000000000000      -0.012959972955      -0.013035736057
    162.000000000000      -0.010611236095      -0.009794286629
    163.000000000000      -0.008725253865      -0.007315828052
    164.000000000000      -0.005540327169      -0.005417830962
    165.000000000000      -0.004360130057      -0.003955334106
    166.000000000000      -0.004189788364      -0.002824590989
    167.000000000000      -0.003208230948      -0.001955941131
    168.000000000000      -0.001205721404      -0.001302423616
    169.000000000000      -0.002092950046      -0.000828803873
    170.000000000000      -0.000424471305      -0.000503825285
    171.000000000000      -0.001543078222      -0.000296768181
    172.000000000000      -0.000125399558      -0.000177773044
    173.000000000000      -0.000096546362      -0.000120191174
    174.000000000000      -0.000894442608      -0.000102947490
    175.000000000000      -0.001601897296      -0.000111591279
    176.000000000000      -0.000496049528      -0.000137816551
    177.000000000000      -0.000670831883      -0.000178040329
    178.000000000000      -0.000200306487      -0.000231810563
    179.000000000000       0.000193092987      -0.000300545056
    180.000000000000      -0.000332919008      -0.000386737024
    181.000000000000      -0.000841730624      -0.000493534199
    182.000000000000      -0.001564165461      -0.000624537272
    183.000000000000      -0.000896662357      -0.000783695425
    184.000000000000      -0.001002642792      -0.000975228365
    185.000000000000      -0.001393821789      -0.001203542152
    186.000000000000      -0.001697332715      -0.001473126348
    187.000000000000      -0.001455966383      -0.001788429259
    188.000000000000      -0.002233886393      -0.002153712185
    189.000000000000      -0.002121248282      -0.002572886052
    190.000000000000      -0.003076727269      -0.003049335626
    191.000000000000      -0.003095592838      -0.003585738214
    192.000000000000      -0.003727029078      -0.004183885090
    193.000000000000      -0.003588312771      -0.004844514924
    194.000000000000      -0.003585537197      -0.005567169003
    195.000000000000      -0.003624933539      -0.006350077916
    196.000000000000      -0.005558083765      -0.007190088618
    197.000000000000      -0.006108508445      -0.008082639338
    198.000000000000      -0.006353205536      -0.009021787656
    199.000000000000      -0.007505104411      -0.010000294458
    200.000000000000      -0.008907805197      -0.011009763424
    201.000000000000      -0.009802254848      -0.012040832487
    202.000000000000      -0.011194391176      -0.013083410549
    203.000000000000      -0.012801854871      -0.014126949885
    204.000000000000      -0.014160709456      -0.015160742304
    205.000000000000      -0.013927117921      -0.016174225571
    206.000000000000      -0.016243109480      -0.017157285781
    207.000000000000      -0.016110491008      -0.018100541600
    208.000000000000      -0.018296126276      -0.018995597312
    209.000000000000      -0.019466327503      -0.019835253541
    210.000000000000      -0.019969027489      -0.020613667051
    211.000000000000      -0.021740162745      -0.021326454092
    212.000000000000      -0.022346626967      -0.021970735013
    213.000000000000      -0.023949081078      -0.022545121145
    214.000000000000      -0.024569980800      -0.023049648095
    215.000000000000      -0.025473291054      -0.023485662274
    216.000000000000      -0.026193518192      -0.023855669802
    217.000000000000      -0.027647281066      -0.024163158642
    218.000000000000      -0.027977982536      -0.024412406060
    219.000000000000      -0.028940100223      -0.024608284290
    220.000000000000      -0.029062727466      -0.024756077712
    221.000000000000      -0.029761308804      -0.024861325048
    222.000000000000      -0.030435444787      -0.024929700149
    223.000000000000      -0.031678352505      -0.024966944878
    224.000000000000      -0.031518008560      -0.024978867319
    225.000000000000      -0.032510645688      -0.024971417785
    226.000000000000      -0.032335881144      -0.024950853380
    227.000000000000      -0.032687652856      -0.024923998509
    228.000000000000      -0.033069398254      -0.024898602907
    229.000000000000      -0.033496089280      -0.024883789739
    230.000000000000      -0.034933201969      -0.024890573452
    231.000000000000      -0.036045700312      -0.024932410566
    232.000000000000      -0.036116164178      -0.025025727302
    233.000000000000      -0.037936117500      -0.025190348160
    234.000000000000      -0.038433283567      -0.025449732710
    235.000000000000      -0.039666198194      -0.025830918400
    236.000000000000      -0.040724880993      -0.026364070219
    237.000000000000      -0.042498234659      -0.027081557810
    238.000000000000      -0.043668992817      -0.028016519738
    239.000000000000      -0.044416956604      -0.029200932577
    240.000000000000      -0.046108745039      -0.030663274573
    241.000000000000      -0.048277154565      -0.032425951184
    242.000000000000      -0.049868509173      -0.034502720299
    243.000000000000      -0.051878228784      -0.036896404521
    244.000000000000      -0.053228762001      -0.039597193525
    245.000000000000      -0.055842172354      -0.042581812215
    246.000000000000      -0.057672116905      -0.045813758069
    247.000000000000      -0.059763409197      -0.049244699576
    248.000000000000      -0.061573371291      -0.052816991288
    249.000000000000      -0.064115218818      -0.056467119712
    250.000000000000      -0.067555390298      -0.060129770828
    251.000000000000      -0.068697288632      -0.063742124679
    252.000000000000      -0.071071557701      -0.067247949663
    253.000000000000      -0.073780961335      -0.070601093475
    254.000000000000      -0.075978234410      -0.073768043834
    255.000000000000      -0.080143593252      -0.076729345755
    256.000000000000      -0.081717751920      -0.079479793300
    257.000000000000      -0.084051512182      -0.082027441396
    258.000000000000      -0.087114915252      -0.084391589580
    259.000000000000      -0.089721128345      -0.086599963295
    260.000000000000      -0.091111071408      -0.088685356404
    261.000000000000      -0.094089567661      -0.090682005302
    262.000000000000      -0.095192089677      -0.092621949895
    263.000000000000      -0.097652919590      -0.094531610946
    264.000000000000      -0.097474813461      -0.096428786380
    265.000000000000      -0.097753912210      -0.098320246308
    266.000000000000      -0.098172284663      -0.100200087394
    267.000000000000      -0.098753742874      -0.102048986540
    268.000000000000      -0.098453029990      -0.103834463641
    269.000000000000      -0.098659999669      -0.105512215373
    270.000000000000      -0.098739899695      -0.107028512116
    271.000000000000      -0.098770968616      -0.108323559275
    272.000000000000      -0.098881937563      -0.109335620728
    273.000000000000      -0.098964065313      -0.110005600028
    274.000000000000      -0.098946861923      -0.110281692472
    275.000000000000      -0.098131202161      -0.110123676062
    276.000000000000      -0.098656676710      -0.109506415351
    277.000000000000      -0.099686518312      -0.108422214806
    278.000000000000      -0.099179364741      -0.106881773191
    279.000000000000      -0.098276033998      -0.104913643153
    280.000000000000      -0.098353169858      -0.102562268576
    281.000000000000      -0.095584399998      -0.099884831051
    282.000000000000      -0.095249243081      -0.096947262029
    283.000000000000      -0.092824488878      -0.093819851277
    284.000000000000      -0.091792993248      -0.090572896683
    285.000000000000      -0.089453123510      -0.087272797048
    286.000000000000      -0.086806975305      -0.083978899415
    287.000000000000      -0.086149454117      -0.080741293007
    288.000000000000      -0.082755893469      -0.077599613146
    289.000000000000      -0.079592064023      -0.074582799866
    290.000000000000      -0.078604392707      -0.071709662422
    291.000000000000      -0.076920382679      -0.068990041889
    292.000000000000      -0.073668338358      -0.066426342028
    293.000000000000      -0.070466190577      -0.064015209570
    294.000000000000      -0.068239524961      -0.061749180864
    295.000000000000      -0.066985532641      -0.059618162172
    296.000000000000      -0.064265020192      -0.057610665040
    297.000000000000      -0.063163071871      -0.055714767166
    298.000000000000      -0.060813207179      -0.053918806332
    299.000000000000      -0.060094654560      -0.052211838532
    300.000000000000      -0.057846356183      -0.050583902878
    301.000000000000      -0.056430883706      -0.049026138316
    302.000000000000      -0.054481655359      -0.047530793485
    303.000000000000      -0.052423644811      -0.046091164478
    304.000000000000      -0.051442645490      -0.044701488808
    305.000000000000      -0.049087252468      -0.043356818188
    306.000000000000      -0.047917589545      -0.042052886064
    307.000000000000      -0.046042155474      -0.040785979137
    308.000000000000      -0.045483954251      -0.039552820089
    309.000000000000      -0.043940309435      -0.038350472011
    310.000000000000      -0.042200263590      -0.037176274374
    311.000000000000      -0.040620561689      -0.036027808894
    312.000000000000      -0.039913117886      -0.034902881788
    313.000000000000      -0.038603626192      -0.033799512171
    314.000000000000      -0.037118799984      -0.032715928449
    315.000000000000      -0.036870244890      -0.031650571772
    316.000000000000      -0.035208418965      -0.030602087303
    317.000000000000      -0.034027662128      -0.029569283405
    318.000000000000      -0.032364726067      -0.028551070384
    319.000000000000      -0.031608991325      -0.027546415189
    320.000000000000      -0.030606927350      -0.026554325724
    321.000000000000      -0.029752982780      -0.025573837431
    322.000000000000      -0.028220999986      -0.024603981199
    323.000000000000      -0.027272181585      -0.023643763870
    324.000000000000      -0.026680691168      -0.022692209537
    325.000000000000      -0.024397972971      -0.021748448188
    326.000000000000      -0.025958808139      -0.020811770298
    327.000000000000      -0.023942990229      -0.019881590834
    328.000000000000      -0.023253273219      -0.018957366567
    329.000000000000      -0.022609654814      -0.018038562590
    330.000000000000      -0.021547636017      -0.017124696136
    331.000000000000      -0.021264081821      -0.016215381333
    332.000000000000      -0.020469527692      -0.015310293111
    333.000000000000      -0.019451355562      -0.014409070733
    334.000000000000      -0.017709072679      -0.013511254778
    335.000000000000      -0.016283072531      -0.012616295870
    336.000000000000      -0.015085681342      -0.011723567226
    337.000000000000      -0.013712936081      -0.010832310827
    338.000000000000      -0.013726799749      -0.009941560483
    339.000000000000      -0.012728054076      -0.009050158902
    340.000000000000      -0.011413018219      -0.008156911701
    341.000000000000      -0.010606800206      -0.007260788471
    342.000000000000      -0.008135986514      -0.006361047918
    343.000000000000      -0.007825816050      -0.005457246700
    344.000000000000      -0.007269286551      -0.004549171789
    345.000000000000      -0.006630638149      -0.003636742216
    346.000000000000      -0.004964375403      -0.002719900220
    347.000000000000      -0.004670854658      -0.001798506328
    348.000000000000      -0.003160511842      -0.000872259008
    349.000000000000      -0.001605223631       0.000059344799
    350.000000000000      -0.000564852555       0.000997003797
    351.000000000000       0.002212247346       0.001941573237
    352.000000000000       0.004964377265       0.002894025673
    353.000000000000       0.004812345374       0.003855444591
    354.000000000000       0.007293146569       0.004827045057
    355.000000000000       0.008431173861       0.005810180581
    356.000000000000       0.008722479455       0.006806318275
    357.000000000000       0.010714445263       0.007817014486
    358.000000000000       0.011860244907       0.008843916591
    359.000000000000       0.013450481929       0.009888754057
    360.000000000000       0.013559791259       0.010953268145
    361.000000000000       0.015330354683       0.012039119398
    362.000000000000       0.016906736419       0.013147901616
    363.000000000000       0.019477991387       0.014281338379
    364.000000000000       0.018665099517       0.015441566357
    365.000000000000       0.020693691447       0.016631308635
    366.000000000000       0.022924253717       0.017853844282
    367.000000000000       0.023754335940       0.019112889032
    368.000000000000       0.023607300594       0.020412593787
    369.000000000000       0.027349872515       0.021757757551
    370.000000000000       0.027692763135       0.023154184368
    371.000000000000       0.029833426699       0.024609073593
    372.000000000000       0.030917081982       0.026131417637
    373.000000000000       0.033315762877       0.027732429696
    374.000000000000       0.032516743988       0.029425938272
    375.000000000000       0.036237671971       0.031228544038
    376.000000000000       0.038715709001       0.033159262661
    377.000000000000       0.042497672141       0.035238386165
    378.000000000000       0.042129781097       0.037485321148
    379.000000000000       0.045122746378       0.039915211612
    380.000000000000       0.046555407345       0.042534326469
    381.000000000000       0.048464138061       0.045334549104
    382.000000000000       0.048251610249       0.048287784593
    383.000000000000       0.050988208503       0.051341549092
    384.000000000000       0.052307698876       0.054417256046
    385.000000000000       0.053650453687       0.057412596116
    386.000000000000       0.053296472877       0.060208795628
    387.000000000000       0.055429354310       0.062682460608
    388.000000000000       0.055578064173       0.064720433067
    389.000000000000       0.055770598352       0.066235026806
    390.000000000000       0.056782126427       0.067176566087
    391.000000000000       0.056776572019       0.067540521668
    392.000000000000       0.057789746672       0.067367665487
    393.000000000000       0.056459199637       0.066737249477
    394.000000000000       0.055493701249       0.065754798761
    395.000000000000       0.057269282639       0.064537221061
    396.000000000000       0.058195356280       0.063198259283
    397.000000000000       0.055100880563       0.061836824678
    398.000000000000       0.054734125733       0.060529694367
    399.000000000000       0.053188819438       0.059328834899
    400.000000000000       0.054457236081       0.058262590770
    401.000000000000       0.052530746907       0.057339373462
    402.000000000000       0.049850735813       0.056552346414
    403.000000000000       0.052757672966       0.055883833274
    404.000000000000       0.049233172089       0.055308625991
    405.000000000000       0.049697589129       0.054795882065
    406.000000000000       0.048099581152       0.054309765629
    407.000000000000       0.050396170467       0.053809344510
    408.000000000000       0.047391034663       0.053248478341
    409.000000000000       0.046256888658       0.052576502101
    410.000000000000       0.044046308845       0.051740400924
    411.000000000000       0.045001219958       0.050688867216
    412.000000000000       0.042593661696       0.049378145817
    413.000000000000       0.040941826999       0.047778984912
    414.000000000000       0.041957791895       0.045883463499
    415.000000000000       0.040135599673       0.043710140853
    416.000000000000       0.037248656154       0.041306026120
    417.000000000000       0.039667863399       0.038744360180
    418.000000000000       0.035011999309       0.036118060315
    419.000000000000       0.034192454070       0.033529686077
    420.000000000000       0.037301354110       0.031079649706
    421.000000000000       0.034472655505       0.028854847481
    422.000000000000       0.032599426806       0.026919783889
    423.000000000000       0.032724272460       0.025311633006
    424.000000000000       0.029909444973       0.024039732298
    425.000000000000       0.030858818442       0.023089023571
    426.000000000000       0.029815109447       0.022426216903
    427.000000000000       0.028121653944       0.022007120749
    428.000000000000       0.027254972607       0.021783672352
    429.000000000000       0.028255935758       0.021709606465
    430.000000000000       0.026607437059       0.021744240766
    431.000000000000       0.026236236095       0.021854361531
    432.000000000000       0.026089191437       0.022014548568
    433.000000000000       0.026669027284       0.022206445125
    434.000000000000       0.026462063193       0.022417480934
    435.000000000000       0.024774163961       0.022639454085
    436.000000000000       0.025311836973       0.022867234297
    437.000000000000       0.024773608893       0.023097715375
    438.000000000000       0.025613127276       0.023329044545
    439.000000000000       0.025947708637       0.023560097092
    440.000000000000       0.024849081412       0.023790139742
    441.000000000000       0.025964917615       0.024018624048
    442.000000000000       0.025054382160       0.024245060596
    443.000000000000       0.024597726762       0.024468938189
    444.000000000000       0.026410480961       0.024689664668
    445.000000000000       0.024306973442       0.024906515908
    446.000000000000       0.024507291615       0.025118586405
    447.000000000000       0.025507153943       0.025324739286
    448.000000000000       0.023212227970       0.025523556172
    449.000000000000       0.024524472654       0.025713288726
    450.000000000000       0.025068264455       0.025891814353
    451.000000000000       0.025332372636       0.026056598766
    452.000000000000       0.025588717312       0.026204668150
    453.000000000000       0.025767926127       0.026332593639
    454.000000000000       0.026412699372       0.026436490742
    455.000000000000       0.026846036315       0.026512036324
    456.000000000000       0.026585809886       0.026554505649
    457.000000000000       0.026990300044       0.026558831741
    458.000000000000       0.025303509086       0.026519688916
    459.000000000000       0.026259535924       0.026431601591
    460.000000000000       0.025417255238       0.026289078424
    461.000000000000       0.025736309588       0.026086770421
    462.000000000000       0.028376899660       0.025819649924
    463.000000000000       0.026676254347       0.025483205514
    464.000000000000       0.026341099292       0.025073645916
    465.000000000000       0.025076564401       0.024588104215
    466.000000000000       0.026068672538       0.024024832290
    467.000000000000       0.025541562587       0.023383374489
    468.000000000000       0.025939945132       0.022664709467
    469.000000000000       0.025727426633       0.021871349700
    470.000000000000       0.025924408808       0.021007389767
    471.000000000000       0.024589382112       0.020078496715
    472.000000000000       0.023635027930       0.019091838816
    473.000000000000       0.022363290191       0.018055952401
    474.000000000000       0.023086272180       0.016980550125
    475.000000000000       0.021107064560       0.015876277545
    476.000000000000       0.018336063251       0.014754428129
    477.000000000000       0.018213445321       0.013626629474
    478.000000000000       0.017598109320       0.012504515285
    479.000000000000       0.015757044777       0.011399398559
    480.000000000000       0.015588936396       0.010321961288
    481.000000000000       0.014326045290       0.009281974815
    482.000000000000       0.012524399906       0.008288062969
    483.000000000000       0.012726945803       0.007347517332
    484.000000000000       0.011036273092       0.006466170729
    485.000000000000       0.009423274547       0.005648331561
    486.000000000000       0.009681285359       0.004896778091
    487.000000000000       0.008507744409       0.004212808648
    488.000000000000       0.006513005588       0.003596340952
    489.000000000000       0.006516334601       0.003046051746
    490.000000000000       0.005072576459       0.002559546536
    491.000000000000       0.005711781792       0.002133548709
    492.000000000000       0.005264005624       0.001764097431
    493.000000000000       0.004108775407       0.001446744507
    494.000000000000       0.003920676187       0.001176741709
    495.000000000000       0.004155384377       0.000949211688
    496.000000000000       0.002394797280       0.000759297442
    497.000000000000       0.002408113563       0.000602287187
    498.000000000000       0.001498690923       0.000473713238
    499.000000000000       0.001132480684       0.000369425094
    500.000000000000       0.002481911797       0.000285638200
    501.000000000000       0.000795121829       0.000218960840
    502.000000000000      -0.000062144856       0.000166402269
    503.000000000000       0.000103759783       0.000125365505
    504.000000000000      -0.001485929126       0.000093628321
    505.000000000000      -0.000160356009       0.000069315767
    506.000000000000      -0.000116521551       0.000050867281
    507.000000000000      -0.000146484497       0.000037001007
    508.000000000000       0.000756835914       0.000026677471
    509.000000000000      -0.001655717264       0.000019064266
    510.000000000000      -0.000411709858       0.000013502950
    511.000000000000      -0.000611461757       0.000009478940
    512.000000000000      -0.000735196285       0.000006594825
    513.000000000000       0.000175337409       0.000004547259
    514.000000000000      -0.000375643751       0.000003107346
    515.000000000000      -0.000942715618       0.000002104332
    516.000000000000      -0.000321266998       0.000001412261
    517.000000000000      -0.000885009882       0.000000939254
    518.000000000000      -0.000397838303       0.000000619028
    519.000000000000       0.000147594154       0.000000404285
    520.000000000000      -0.000933282718       0.000000261640
    521.000000000000       0.000586492475       0.000000167784
    522.000000000000      -0.000651967130       0.000000106613
    523.000000000000      -0.001094748033       0.000000067122
    524.000000000000      -0.001592463581       0.000000041868
    525.000000000000      -0.000272993755       0.000000025871
    526.000000000000       0.000200861177       0.000000015834
    527.000000000000       0.000189763974       0.000000009596
    528.000000000000       0.000315718295       0.000000005756
    529.000000000000      -0.000056041274       0.000000003414
    530.000000000000      -0.000385630818       0.000000002000
    531.000000000000      -0.000274658145       0.000000001155
    532.000000000000      -0.000018310488       0.000000000655
    533.000000000000       0.000458318595       0.000000000363
    534.000000000000      -0.000257457432       0.000000000196
    535.000000000000      -0.000582608453       0.000000000102
    536.000000000000      -0.000263006048       0.000000000050
    537.000000000000      -0.001295610098       0.000000000024
    538.000000000000      -0.000821755617       0.000000000010
    539.000000000000       0.000195867382       0.000000000004
    540.000000000000      -0.000765713921       0.000000000002
    541.000000000000       0.000148148814       0.000000000001
    542.000000000000       0.000109308254       0.000000000000
    543.000000000000      -0.001038153772       0.000000000000
    544.000000000000      -0.000776811270       0.000000000000
    545.000000000000      -0.000250243989       0.000000000000
    546.000000000000      -0.000631991541       0.000000000000
    547.000000000000       0.000192538253       0.000000000000
    548.000000000000      -0.000992653426       0.000000000000
    549.000000000000      -0.000349010079       0.000000000000
    550.000000000000      -0.000068803100      -0.000000000000
